0 0.847266 0.341667 0.249219 0.475000
0 0.576563 0.167361 0.150000 0.256944
0 0.656641 0.331944 0.182031 0.180556
0 0.770312 0.726389 0.075000 0.236111
0 0.403906 0.877778 0.265625 0.186111
0 0.528906 0.715972 0.256250 0.273611
0 0.204297 0.484722 0.169531 0.294444
0 0.292188 0.683333 0.226562 0.202778
0 0.460547 0.223611 0.097656 0.250000
0 0.324609 0.147222 0.258594 0.286111
0 0.042188 0.540278 0.078125 0.130556
0 0.174219 0.329861 0.109375 0.098611
0 0.162500 0.088194 0.054688 0.112500
0 0.660937 0.919444 0.100000 0.141667
0 0.835547 0.917361 0.064844 0.145833
