0 0.080859 0.837500 0.161719 0.316667
0 0.073047 0.635417 0.146094 0.090278
0 0.193359 0.720139 0.158594 0.240278
0 0.275391 0.858333 0.292969 0.205556
0 0.311328 0.645139 0.077344 0.098611
0 0.398047 0.682639 0.113281 0.129167
0 0.396094 0.942361 0.131250 0.084722
0 0.573438 0.893750 0.221875 0.206944
0 0.684375 0.850694 0.296875 0.290278
0 0.751172 0.819444 0.121094 0.102778
0 0.514844 0.693750 0.156250 0.176389
0 0.795313 0.729861 0.334375 0.215278
0 0.941016 0.868750 0.117969 0.215278
0 0.875000 0.644444 0.239063 0.100000
0 0.971484 0.493056 0.049219 0.130556
0 0.951563 0.287500 0.089062 0.261111
0 0.865625 0.247222 0.095312 0.127778
0 0.766406 0.345139 0.085938 0.076389
0 0.730078 0.252083 0.250781 0.243056
0 0.750391 0.114583 0.289844 0.226389
0 0.662109 0.054861 0.092969 0.090278
0 0.528906 0.132639 0.109375 0.106944
0 0.526953 0.265278 0.203906 0.211111
0 0.430859 0.261111 0.088281 0.108333
0 0.312109 0.279861 0.105469 0.106944
0 0.235156 0.191667 0.237500 0.277778
0 0.060938 0.187500 0.121875 0.077778
0 0.233203 0.064583 0.288281 0.115278
0 0.057813 0.369444 0.109375 0.138889
0 0.034766 0.488889 0.069531 0.133333
0 0.507031 0.490278 0.904688 0.252778
