0 0.251172 0.889583 0.321094 0.220833
0 0.191406 0.683333 0.198437 0.394444
0 0.076563 0.448611 0.107813 0.369444
0 0.421094 0.481944 0.256250 0.197222
0 0.375781 0.702083 0.262500 0.187500
0 0.487500 0.910417 0.096875 0.179167
0 0.620703 0.867361 0.102344 0.265278
0 0.806250 0.929167 0.135937 0.141667
0 0.742969 0.677083 0.278125 0.268056
0 0.759766 0.470833 0.280469 0.258333
0 0.177734 0.234722 0.203906 0.427778
0 0.294141 0.182639 0.224219 0.331944
0 0.446875 0.132639 0.225000 0.254167
0 0.642187 0.262500 0.275000 0.369444
0 0.786719 0.099306 0.210938 0.184722
0 0.928125 0.339583 0.143750 0.393056
