0 0.000000 -0.138889 0.000000 0.000000
0 0.000000 -0.138889 0.000000 0.000000
0 0.000000 -0.138889 0.000000 0.000000
0 0.000000 -0.138889 0.000000 0.000000
0 0.000000 -0.138889 0.000000 0.000000
0 0.000000 -0.138889 0.000000 0.000000
0 0.000000 -0.138889 0.000000 0.000000
0 0.000000 -0.138889 0.000000 0.000000
0 0.000000 -0.138889 0.000000 0.000000
0 0.000000 -0.138889 0.000000 0.000000
0 0.000000 -0.138889 0.000000 0.000000
0 0.000000 -0.138889 0.000000 0.000000
0 0.000000 -0.138889 0.000000 0.000000
0 0.000000 -0.138889 0.000000 0.000000
0 0.000000 -0.138889 0.000000 0.000000
0 0.000000 -0.138889 0.000000 0.000000
0 0.178125 0.669444 0.093750 0.094444
